1, 1, [223.21, 198.92, 125.06, 211.72]
1, 3, [181.25, 128.16, 149.5, 128.98]
1, 7, [147.34, 128.46, 184.14, 155.1]
1, 12, [138.67, 213.46, retired]
1, 15, [178.31, 120.26, 234.81, 195.61]
1, 19, [229.47, 130.69, 180.62, 215.01]
1, 21, [134.06, 138.23, 206.44, 177.61]
1, 25, [144.68, 132.41, crashed]
1, 33, [216.6, 202.56, 184.4, 210.02]
1, 42, [122.39, 184.16, 227.39, 211.39]
2, 1, [164.85, 209.09, 171.26]
2, 3, [234.74, 189.46, 128.29]
2, 7, [crashed]
2, 12, [194.32, 157.32, 206.22]
2, 15, [197.36, 141.89, 161.47]
2, 19, [133.58, 214.5, retired]
2, 21, [181.04, 151.42, 202.68]
2, 25, [238.29, 227.53, 143.13]
2, 33, [230.05, 180.48, 193.43]
2, 42, [190.47, 186.43, 204.02]